MEGERA
3
253
12
125
1035
1
1035
0
257
-100
1025
1
4
1025
0
2
1035
2
1025
2
20
1035
3
257
0
1035
4
1025
3
257
0
18
35
257
55500
1035
4
1025
3
257
0
17
45
257
66600
1035
4
1025
4
20
1035
7
1035
6
1035
5
1025
6
1025
6
4
257
400
1025
5
4
1025
7
4
3
1035
8
1025
8
20
1035
11
1035
10
1035
9
257
-100
1025
10
4
1025
11
6
5
257
200
1025
9
4
2
1035
12
1025
12
20
1035
15
1035
14
1035
13
257
-100
1025
14
4
1025
15
6
3
257
200
1025
13
4
2
1035
16
1025
16
20
10
1035
17
10
1035
18
10
1035
19
257
0
1035
20
257
0
1035
21
1025
17
257
0
18
178
257
66600
1035
21
1025
18
257
0
18
164
1025
19
19
19
1035
20
1025
18
257
0
17
178
1025
18
1025
19
19
2
1035
20
1025
17
257
0
17
234
1025
17
1025
18
1025
19
19
48
1035
22
1025
22
257
0
15
220
1025
17
1025
18
1025
22
19
73
1035
20
1025
17
1025
18
1025
22
19
99
1035
21
1025
22
257
0
14
234
257
66600
1035
20
257
66600
1035
21
1025
20
9
1025
20
1025
21
17
252
1025
21
257
66600
17
252
1025
21
9
0
